1 Bolesławiec 40373 51.15 15.33
2 Głogów 67317 51.67 16.08
3 Jelenia_Gora 79200 50.87 15.69
4 Karpacz 4841 50.76 15.73
5 Kłodzko 27041 50.4341211 16.6163939
6 Legnica 99486 51.20 16.15
7 Lubin 72428 51.4 16.21
8 Oleśnica 37169 51.21 17.35
9 Trzebnica 13261 51.31 17.06
10 Wałbrzych 113606 50.7659054 16.2825424
11 Wrocław 642869 51.11 17.02
12 Zgorzelec 31280 51.14 15.01
13 Bydgoszcz 350178 53.11 18.00
14 Toruń 201798 53.02 18.60
15 Grudziądz 94732 53.49 18.75
16 Inowrocław 73318 52.79 18.25
17 Brodnica 28774 53.25 19.35
18 Włocławek 110287 52.65 19.06
19 Golub-Dobrzyń 12828 53.10 19.05
20 Żnin 14169 52.83 17.72
21 Biała_Podlaska 57352 52.03 23.12
22 Biłgoraj 26724 50.53 22.72
23 Chełm 63029 51.14 23.47
24 Krasnystaw 18829 50.98 23.17
25 Kraśnik 34667 50.92 22.23
26 Lubartów 22066 51.47 22.6
27 Lublin 339811 51.25 22.57
28 Łuków 30215 51.93 22.38
29 Międzyrzec_Podlaski 16892 51.99 22.78
30 Parczew 10709 51.64 22.9
31 Puławy 47983 51.42 21.97
32 Terespol 5565 52.08 23.62
33 Tomaszów_Lubelski 19287 50.45 23.42
34 Wlodawa 6058 51.32 23.33
35 Zamosc 65149 50.71 23.25
36 Gorzow_Wielkopolski 122141 52.44 15.13
37 Krosno_Odrzanskie 11524 52.03 15.05
38 Kostrzyn_nad_Odrą 17778 52.61 14.62
39 Nowa_Sol 38763 51.80 15.71
40 Slubice 16816 52.36 14.58
41 Swiebodzin 21954 52.24 15.32
42 Zielona_Góra 139136 51.93 15.50
43 Zagan 25731 51.61 15.30
44 Belchatow 57432 51.36 19.36
45 Kutno 44513 52.23 19.36
46 Łowicz 28704 52.10 19.94
47 Łódź 682679 51.76 19.46
48 Opoczno 21780 51.37 20.27
49 Pabianice 64988 51.66 19.35
50 Piotrków_Trybunalski 72211 51.40 19.68
51 Radomsko 46409 51.04 19.26
52 Sieradz 42120 51.35 18.43
53 Skierniewice 47375 51.95 20.14
54 Tomaszów_Mazowiecki 63771 51.53 20.00
55 Wieluń 22973 51.13 18.34
56 Bochnia 29992 49.9747884 20.3943514
57 Chrzanów 37123 50.1288308 19.3236793
58 Gorlice 29500 49.6663014 21.1461454
59 Kraków 774839 50.0468548 19.9348341
60 Krynica-Zdrój 10757 49.4154797 20.9165505
61 Miechów 11298 50.3587757 20.0099486
62 Nowy_Sącz 84041 49.6072309 20.6695529
63 Nowy_Targ 33357 49.489318 20.0087412
64 Oświęcim 39057 50.0351398 19.2407481
65 Rabka-Zdrój 13052 49.6120575 19.9439309
66 Tarnów 452713 50.01 20.98
67 Wadowice 19149 49.88 19.49
68 Zakopane 27266 49.29 19.95
69 Ciechanów 44209 52.88 20.61
70 Garwolin 16710 51.89 21.61
71 Gostynin 19119 52.42 19.46
72 Kozienice 17518 51.58 21.54
73 Mińsk_Mazowiecki 40211 52.18 21.55
74 Mława 30957 53.11 20.38
75 Nowy_Dwór_Mazowiecki 42452 52.43 20.71
76 Ostrołęka 52792 53.08 21.56
77 Ostrów_Mazowiecka 22796 52.80 21.89
78 Płock 119709 52.55 19.7
79 Płońsk 22256 52.62 20.37
80 Przasnysz 17228 53.02 20.88
81 Radom 212230 51.40 21.16
82 Siedlce 77990 52.17 22.28
83 Sierpc 17962 52.85 19.69
84 Sochaczew 36790 52.23 20.24
85 Sokołów_Podlaski 18940 52.41 22.25
86 Warka 11926 51.78 21.19
87 Warszawa 1777972 52.23 21.01
88 Węgrów 12793 52.40 22.01
89 Wyszków 26965 52.59 21.45
90 Brzeg 35890 50.86 17.48
91 Kedzierzyn_Kozle 55750 50.34 18.22
92 Kluczbork 23554 50.97 18.2
93 Krapkowice 16721 50.48 17.95
94 Nysa 43849 50.48 17.32
95 Opole 128208 50.66 17.92
96 Prudnik 21170 50.32 17.57
97 Strzelce_Opolskie 17900 50.52 18.30
98 Ustrzyki_Dolne 9176 49.25 22.35
99 Dębica 46063 50.05 21.41
100 Jarosław 38970 50.03 22.63
101 Jasło 36641 49.74 21.43
102 Krosno 46934 49.68 21.71
103 Lubaczów 12517 50.15 23.08
104 Łańcut 18067 50.06 22.18
105 Mielec 60366 50.28 21.38
106 Przemyśl 60241 49.78 22.74
107 Rzeszów 183901 50 21.91
108 Sanok 38397 49.55 22.18
109 Stalowa_Wola 60799 50.58 22.05
110 Augustów 30190 53.84 22.93
111 Białystok 293407 53.13 23.17
112 Bielsk_Podlaski 25611 52.77 23.19
113 Grajewo 21499 53.65 22.46
114 Hajnówka 20914 52.75 23.58
115 Łomża 62779 53.18 22.06
116 Mońki 10042 53.40 22.80
117 Siemiatycze 15169 52.43 22.86
118 Sokółka 18331 53.41 23.50
119 Suwałki 69527 54.11 22.93
120 Sejny 5934 54.11 23.35
121 Zambrów 22451 52.99 22.24
122 Bytów 16983 54.176778 17.487917
123 Chojnice 40447 53.706593 17.568864
124 Gdańsk 574187 54.358606 18.636463
125 Gdynia 244458 54.5164982 18.5402738
126 Kościerzyna 23016 54.1210215 17.9781656
127 Kwidzyn 37814 53.7335842 18.9319222
128 Łeba 3824 54.7585207 17.555417
129 Malbork 38723 54.0359361 19.0348817
130 Słupsk 329170 54.4649331 17.028073
131 Starogard_Gdański 48136 53.9671805 18.532113
132 Tczew 60257 54.0869532 18.8000293
133 Władysławowo 10037 54.79 18.41
134 Bielsko_Biala 171277 49.83 19.04
135 Bytom 166795 50.35 18.92
136 Częstochowa 223322 50.82 19.14
137 Gliwice 181309 50.29 18.67
138 Lubliniec 24518 50.67 18.68
139 Rybnik 139129 50.09 18.55
140 Tarnowskie_Góry 61361 50.44 18.86
141 Zawiercie 49908 50.49 19.41
142 Żywiec 31770 49.69 19.21
143 Katowice 294510 50.26 19.02
144 Dąbrowa_Górnicza 120259 50.32 19.19
145 Busko-Zdrój 16428 50.47 20.71
146 Jędrzejów 15471 50.63 20.30
147 Kielce 196774 50.86 20.62
148 Końskie 19170 51.19 20.40
149 Ostrowiec_Świętokrzyski 64986 50.93 21.38
150 Sandomierz 23193 50.68 21.74
151 Skarżysko-Kamienna 45953 51.11 20.84
152 Staszów 14762 50.56 21.16
153 Włoszczowa 10096 50.85 19.96
154 Bartoszyce 23810 54.26 20.80
155 Braniewo 17875 54.38 19.81
156 Działdowo 20824 53.23 20.17
157 Elblšg 120895 54.15 19.41
158 Ełk 61523 53.82 22.36
159 Giżycko 29642 54.03 21.76
160 Gołdap 15600 54.30 22.30
161 Iława 32276 53.59 19.56
162 Kętrzyn 27478 54.07 21.37
163 Lidzbark_Warmiński 16390 54.12 20.58
164 Morąg 14042 53.91 19.92
165 Mrągowo 21889 53.86 21.30
166 Mikołajki 3852 53.80 21.57
167 Olecko 16464 54.03 22.50
168 Olsztyn 606469 53.77 20.39
169 Ostróda 33191 53.69 19.98
170 Pisz 19386 53.63 21.81
171 Szczytno 27013 53.56 20.96
172 Drezdenko 10282 52.83 15.83
173 Gniezno 68943 52.5359736 17.595889
174 Jarocin 26238 51.97 17.50
175 Kalisz 100246 51.45 18.05
176 Kępno 14419 51.26 17.98
177 Konin 74151 52.21 18.27
178 Koscian 23952 52.04 16.38
179 Krotoszyn 29133 51.41 17.26
180 Leszno 63774 51.50 16.34
181 Miedzychod 10666 52.36 15.53
182 Oborniki 18375 52.64 16.81
183 Ostrow_Wielkopolski 71947 51.39 17.48
184 Piła 73176 53.15 16.73
185 Poznan 535802 52.40 16.92
186 Rawicz 20567 51.36 16.51
187 Srem 29979 52.05 17
188 Turek 26955 52 18.29
189 Wolsztyn 13107 52.11 16.11
190 Września 30279 52.32 17.55
191 Złotów 18441 53.35 17.03
192 Choszczno 15352 53.17 15.42
193 Drawsko_Pomorskie 11750 53.52 15.80
194 Goleniów 22553 53.55 14.82
195 Kołobrzeg 46568 54.17 15.57
196 Koszalin 107225 54.18 16.17
197 Stargard 67795 53.33 15.03
198 Szczecinek 40336 53.72 16.68
199 Wałcz 25801 53.27 16.45
200 Szczecin 402100 53.43 14.53
201 Świnoujście 40883 53.90 14.23