122 130 53
122 128 84
122 133 119
122 126 35
122 123 61
122 198 89
122 196 107
123 126 66
123 131 76
123 15 100
123 191 61
123 198 67
124 125 21
124 157 61
124 132 33
124 131 49
124 126 58
125 133 39
125 126 66
125 130 109
125 128 83
126 131 49
127 129 40
128 133 72
128 130 62
129 132 21
130 198 103
131 132 26
45 46 44
45 47 61
45 188 78
45 18 58
46 84 26
46 53 25
46 78 60
46 87 86
47 49 14
47 54 51
47 188 78
47 53 62
47 46 54
47 18 109
48 54 29
48 81 65
48 50 44
49 52 47
50 54 30
50 153 73
51 153 52
51 141 75
51 55 73
52 188 56
52 55 47
53 86 87
53 54 52
53 84 35
53 87 79
54 87 109
54 86 98
111 112 46.46
111 114 62.82
111 115 80.15
111 116 42.41
111 118 41.94
111 121 70.34
112 114 27.02
112 77 100.95
112 117 47.14
112 121 78.31
113 115 62.57
113 116 37.73
113 170 49.00
114 117 65.43
115 116 70.18
115 76 36.21
115 170 59.54
115 121 27.97
116 118 60.93
117 85 46.31
117 121 79.81
120 119 31.48
2 189 62
2 180 46
2 7 37
2 39 35
2 43 64
99 105 32
99 66 39
99 58 62
99 101 45
99 107 56
23 26 76
23 27 70
23 24 31
23 34 50
23 35 57
24 25 76
24 27 58
24 35 33
25 27 58
25 149 67
25 31 69
25 81 126
25 150 60
25 109 48
25 35 92
26 27 27
26 31 56
26 28 63
26 29 69
26 30 34
26 34 81
27 31 51
27 34 98
28 31 77
28 29 31
28 30 57
28 82 29
29 30 46
29 82 42
29 117 60
30 34 50
31 81 60
31 150 101
32 34 63
33 35 36
12 43 71.54
13 123 82.47
13 15 74.44
13 14 47.87
13 16 43.44
13 20 42.63
13 184 88.76
13 191 82.41
14 18 56.35
15 131 68.29
15 132 81.51
15 127 35.71
15 161 64.25
15 14 66.20
16 14 36.95
16 18 64.29
16 177 76.83
16 20 42.14
17 15 59.19
17 161 49.27
17 169 69.50
17 156 57.26
17 83 54.06
17 19 32.18
19 15 58.94
19 83 57.25
19 18 60.13
19 14 39.33
21 32 36.33
21 34 75.27
21 30 59.59
21 29 26.17
21 117 54.95
22 33 56.55
22 103 64.66
22 100 66.22
22 104 83.45
22 107 103.02
22 109 56.98
22 25 68.32
22 27 87.89
36 200 107
36 38 52
36 40 82
36 41 70
36 181 63
37 40 51
37 41 43
37 42 37
37 43 59
38 199 123
38 197 101
38 40 32
39 42 23
39 43 38
40 41 81
41 189 49
41 42 46
44 49 35
44 50 29
44 136 75
44 55 62
44 52 69
36 200 107
36 38 52
36 40 82
36 41 70
36 181 63
37 40 51
37 41 43
37 42 37
37 43 59
38 199 123
38 197 101
38 40 32
39 42 23
39 43 38
40 41 81
41 189 49
41 42 46
44 49 35
44 50 29
44 136 75
44 55 62
44 52 69
3 12 68
3 6 82
3 11 114
3 10 62
3 4 17
90 8 52
90 176 68
90 92 66
90 95 44
90 94 55
90 5 90
90 10 99
90 11 45
155 157 41
155 164 71
155 168 90
155 163 66
156 161 63
156 169 60
156 168 77
156 171 73
156 74 23
156 83 68
157 124 62
157 129 34
157 161 90
157 169 71
157 164 53
158 167 30
158 159 53
158 166 66
158 170 54
158 113 26
159 166 36
159 165 42
159 162 32
159 160 60
159 167 57
160 119 57
160 167 35
160 162 85
161 127 54
161 129 74
161 169 33
162 168 84
162 165 26
162 166 39
163 164 61
163 168 48
164 168 48
164 169 29
165 168 64
165 171 48
165 76 100
69 74 30
69 79 33
69 75 49
69 89 65
69 77 86
69 80 23
70 87 55
70 73 31
70 82 55
70 28 53
70 26 84
70 27 98
70 31 59
70 72 35
70 86 31
71 78 21
71 46 49
71 45 23
71 18 36
72 86 33
72 81 35
72 150 102
72 31 35
73 88 39
73 77 73
73 89 47
73 87 39
73 82 49
74 168 74
74 171 65
74 80 35
74 79 54
74 83 56
74 78 78
75 87 32
75 89 54
75 76 92
75 79 29
75 78 68
76 121 47
76 170 63
76 171 65
76 80 46
76 87 102
76 89 56
76 77 39
77 88 46
77 85 50
77 117 78
77 121 31
77 80 72
77 89 38
6 7 25
6 11 79
6 10 71
78 18 53
78 83 41
78 79 53
78 84 59
79 83 59
80 171 65
80 89 70
81 86 57
81 151 46
81 54 85
81 53 113
81 87 105
82 85 30
82 117 63
83 18 58
83 14 87
84 87 72
85 121 72
85 88 18
86 87 66
87 89 60
88 89 48
7 38 62
7 186 61
7 9 69
7 11 76
7 43 79
134 142 21
134 139 60
134 143 60
134 67 37
134 64 33
135 143 16
135 137 23
135 144 22
135 140 12
135 136 65
135 141 50
136 51 43
136 146 100
136 141 55
136 144 74
136 140 54
136 138 35
136 55 66
136 92 72
137 143 28
137 139 27
137 91 41
137 97 45
137 140 30
138 55 70
138 140 31
138 97 38
138 95 50
140 141 45
143 64 37
143 139 52
95 97 32
91 93 29
91 97 23
91 96 50
91 139 47
178 179 79
178 185 50
178 187 30
178 189 46
178 180 39
179 183 31
179 8 62
179 9 56
179 186 46
180 187 47
180 186 41
180 7 69
180 189 64
181 184 108
181 182 73
181 185 81
181 189 73
181 41 69
182 184 66
182 20 85
182 185 44
182 189 98
184 198 73
184 191 33
184 199 27
184 20 93
185 190 51
185 187 42
185 189 74
185 41 111
186 187 63
186 8 44
187 190 50
188 18 91 
189 43 62
8 11 30
8 9 30
8 183 70
100 103 45
100 106 33
100 104 41
100 109 84
101 102 26
101 66 61
102 107 56
102 108 42
103 54 46
103 106 56
104 109 68
104 107 17
105 152 41
105 150 57
105 107 58
106 107 91
106 98 62
106 108 68
107 150 88
107 109 70
107 108 74
108 98 39
109 35 110
110 120 43
110 119 33
110 167 45
110 158 45
110 113 43
110 116 78
110 118 75
5 11 90
5 10 56
5 94 53
56 145 84
56 66 45
56 62 57
56 65 68
56 59 41
56 61 73
57 144 40
57 59 49
57 67 38
57 64 20
57 143 35
58 66 58
58 101 32
58 60 42
58 62 39
59 61 42
59 150 187
59 65 67
59 67 49
59 141 107
60 62 33
61 141 53
62 66 65
62 68 102
62 63 79
62 65 70
63 65 20
63 68 24
64 67 31
64 143 36
65 142 73
65 67 58
144 143 19
144 59 84
144 141 32
145 59 91
145 61 68
145 66 73
145 146 40
145 147 49
145 152 40
146 61 40
146 141 75
146 147 39
146 153 42
147 50 100
147 148 49
147 149 61
147 151 37
147 152 57
147 153 56
148 81 63
148 51 76
148 48 25
148 153 55
148 151 38
149 31 86
149 81 69
149 150 47
149 151 49
149 152 52
150 109 31
150 152 52
150 105 57
152 66 71
153 141 68
154 155 78
154 160 129
154 171 88
154 163 25
154 162 44 
92 8 70
92 176 45
92 55 43
92 138 50
92 95 44
192 197 36
192 36 62
192 172 54
192 199 82
192 193 60
193 197 64
193 195 83
193 196 98
193 198 75
193 199 68
193 172 105
194 201 77
194 196 133
194 197 36
194 200 39
195 196 45
196 198 68
196 130 68
197 200 38
197 199 107
198 191 53
198 199 70
199 191 47
1 2 66
1 27 94
1 6 44
1 3 50
1 12 44
1 43 48
166 170 40
166 165 24
167 119 34
4 10 55
93 94 53
93 95 24
93 96 36
93 97 25
93 11 111
170 171 66
97 140 44
174 185 70
174 190 50
174 177 72
174 175 52
174 183 56
174 179 35
174 180 71
174 187 45
91 93 29
91 97 23
91 96 50
91 139 47
175 177 55
175 188 42
175 52 52
175 55 94
175 176 62
175 183 24
176 8 49
176 92 44
176 55 44
176 52 75
176 175 61
176 183 61
